x (m)	y (m)	yn (m)	yc (m)	z (m)
0.0000	1.8000	1.2000	0.9000	0.0000
1.0000	2.6884	1.2000	0.9000	0.0010
2.0000	3.6656	1.2000	0.9000	0.0020
3.0000	4.6589	1.2000	0.9000	0.0030
4.0000	5.6564	1.2000	0.9000	0.0040
5.0000	6.6554	1.2000	0.9000	0.0050
6.0000	7.6548	1.2000	0.9000	0.0060
7.0000	8.6546	1.2000	0.9000	0.0070
8.0000	9.6544	1.2000	0.9000	0.0080
9.0000	10.6543	1.2000	0.9000	0.0090
10.0000	11.6543	1.2000	0.9000	0.0100
11.0000	12.6542	1.2000	0.9000	0.0110
12.0000	13.6542	1.2000	0.9000	0.0120
13.0000	14.6542	1.2000	0.9000	0.0130
14.0000	15.6542	1.2000	0.9000	0.0140
15.0000	16.6542	1.2000	0.9000	0.0150
16.0000	17.6542	1.2000	0.9000	0.0160
17.0000	18.6542	1.2000	0.9000	0.0170
18.0000	19.6542	1.2000	0.9000	0.0180
19.0000	20.6542	1.2000	0.9000	0.0190
20.0000	21.6542	1.2000	0.9000	0.0200
21.0000	22.6542	1.2000	0.9000	0.0210
22.0000	23.6542	1.2000	0.9000	0.0220
23.0000	24.6542	1.2000	0.9000	0.0230
24.0000	25.6542	1.2000	0.9000	0.0240
25.0000	26.6542	1.2000	0.9000	0.0250
26.0000	27.6542	1.2000	0.9000	0.0260
27.0000	28.6542	1.2000	0.9000	0.0270
28.0000	29.6542	1.2000	0.9000	0.0280
29.0000	30.6542	1.2000	0.9000	0.0290
30.0000	31.6542	1.2000	0.9000	0.0300
31.0000	32.6542	1.2000	0.9000	0.0310
32.0000	33.6542	1.2000	0.9000	0.0320
33.0000	34.6542	1.2000	0.9000	0.0330
34.0000	35.6542	1.2000	0.9000	0.0340
35.0000	36.6542	1.2000	0.9000	0.0350
36.0000	37.6542	1.2000	0.9000	0.0360
37.0000	38.6542	1.2000	0.9000	0.0370
38.0000	39.6542	1.2000	0.9000	0.0380
39.0000	40.6542	1.2000	0.9000	0.0390
40.0000	41.6542	1.2000	0.9000	0.0400
41.0000	42.6542	1.2000	0.9000	0.0410
42.0000	43.6542	1.2000	0.9000	0.0420
43.0000	44.6542	1.2000	0.9000	0.0430
44.0000	45.6542	1.2000	0.9000	0.0440
45.0000	46.6542	1.2000	0.9000	0.0450
46.0000	47.6542	1.2000	0.9000	0.0460
47.0000	48.6542	1.2000	0.9000	0.0470
48.0000	49.6542	1.2000	0.9000	0.0480
49.0000	50.6542	1.2000	0.9000	0.0490
50.0000	51.6542	1.2000	0.9000	0.0500
51.0000	52.6542	1.2000	0.9000	0.0510
52.0000	53.6542	1.2000	0.9000	0.0520
53.0000	54.6542	1.2000	0.9000	0.0530
54.0000	55.6542	1.2000	0.9000	0.0540
55.0000	56.6542	1.2000	0.9000	0.0550
56.0000	57.6542	1.2000	0.9000	0.0560
57.0000	58.6542	1.2000	0.9000	0.0570
58.0000	59.6542	1.2000	0.9000	0.0580
59.0000	60.6542	1.2000	0.9000	0.0590
60.0000	61.6542	1.2000	0.9000	0.0600
61.0000	62.6542	1.2000	0.9000	0.0610
62.0000	63.6542	1.2000	0.9000	0.0620
63.0000	64.6542	1.2000	0.9000	0.0630
64.0000	65.6542	1.2000	0.9000	0.0640
65.0000	66.6542	1.2000	0.9000	0.0650
66.0000	67.6542	1.2000	0.9000	0.0660
67.0000	68.6542	1.2000	0.9000	0.0670
68.0000	69.6542	1.2000	0.9000	0.0680
69.0000	70.6542	1.2000	0.9000	0.0690
70.0000	71.6542	1.2000	0.9000	0.0700
71.0000	72.6542	1.2000	0.9000	0.0710
72.0000	73.6542	1.2000	0.9000	0.0720
73.0000	74.6542	1.2000	0.9000	0.0730
74.0000	75.6542	1.2000	0.9000	0.0740
75.0000	76.6542	1.2000	0.9000	0.0750
76.0000	77.6542	1.2000	0.9000	0.0760
77.0000	78.6542	1.2000	0.9000	0.0770
78.0000	79.6542	1.2000	0.9000	0.0780
79.0000	80.6542	1.2000	0.9000	0.0790
80.0000	81.6542	1.2000	0.9000	0.0800
81.0000	82.6542	1.2000	0.9000	0.0810
82.0000	83.6542	1.2000	0.9000	0.0820
83.0000	84.6542	1.2000	0.9000	0.0830
84.0000	85.6542	1.2000	0.9000	0.0840
85.0000	86.6542	1.2000	0.9000	0.0850
86.0000	87.6542	1.2000	0.9000	0.0860
87.0000	88.6542	1.2000	0.9000	0.0870
88.0000	89.6542	1.2000	0.9000	0.0880
89.0000	90.6542	1.2000	0.9000	0.0890
90.0000	91.6542	1.2000	0.9000	0.0900
91.0000	92.6542	1.2000	0.9000	0.0910
92.0000	93.6542	1.2000	0.9000	0.0920
93.0000	94.6542	1.2000	0.9000	0.0930
94.0000	95.6542	1.2000	0.9000	0.0940
95.0000	96.6542	1.2000	0.9000	0.0950
96.0000	97.6542	1.2000	0.9000	0.0960
97.0000	98.6542	1.2000	0.9000	0.0970
98.0000	99.6542	1.2000	0.9000	0.0980
99.0000	100.6542	1.2000	0.9000	0.0990
100.0000	101.6542	1.2000	0.9000	0.1000
101.0000	102.6542	1.2000	0.9000	0.1010
102.0000	103.6542	1.2000	0.9000	0.1020
103.0000	104.6542	1.2000	0.9000	0.1030
104.0000	105.6542	1.2000	0.9000	0.1040
105.0000	106.6542	1.2000	0.9000	0.1050
106.0000	107.6542	1.2000	0.9000	0.1060
107.0000	108.6542	1.2000	0.9000	0.1070
108.0000	109.6542	1.2000	0.9000	0.1080
109.0000	110.6542	1.2000	0.9000	0.1090
110.0000	111.6542	1.2000	0.9000	0.1100
111.0000	112.6542	1.2000	0.9000	0.1110
112.0000	113.6542	1.2000	0.9000	0.1120
113.0000	114.6542	1.2000	0.9000	0.1130
114.0000	115.6542	1.2000	0.9000	0.1140
115.0000	116.6542	1.2000	0.9000	0.1150
116.0000	117.6542	1.2000	0.9000	0.1160
117.0000	118.6542	1.2000	0.9000	0.1170
118.0000	119.6542	1.2000	0.9000	0.1180
119.0000	120.6542	1.2000	0.9000	0.1190
120.0000	121.6542	1.2000	0.9000	0.1200
121.0000	122.6542	1.2000	0.9000	0.1210
122.0000	123.6542	1.2000	0.9000	0.1220
123.0000	124.6542	1.2000	0.9000	0.1230
124.0000	125.6542	1.2000	0.9000	0.1240
125.0000	126.6542	1.2000	0.9000	0.1250
126.0000	127.6542	1.2000	0.9000	0.1260
127.0000	128.6542	1.2000	0.9000	0.1270
128.0000	129.6542	1.2000	0.9000	0.1280
129.0000	130.6542	1.2000	0.9000	0.1290
130.0000	131.6542	1.2000	0.9000	0.1300
131.0000	132.6542	1.2000	0.9000	0.1310
132.0000	133.6542	1.2000	0.9000	0.1320
133.0000	134.6542	1.2000	0.9000	0.1330
134.0000	135.6542	1.2000	0.9000	0.1340
135.0000	136.6542	1.2000	0.9000	0.1350
136.0000	137.6542	1.2000	0.9000	0.1360
137.0000	138.6542	1.2000	0.9000	0.1370
138.0000	139.6542	1.2000	0.9000	0.1380
139.0000	140.6542	1.2000	0.9000	0.1390
140.0000	141.6542	1.2000	0.9000	0.1400
141.0000	142.6542	1.2000	0.9000	0.1410
142.0000	143.6542	1.2000	0.9000	0.1420
143.0000	144.6542	1.2000	0.9000	0.1430
144.0000	145.6542	1.2000	0.9000	0.1440
145.0000	146.6542	1.2000	0.9000	0.1450
146.0000	147.6542	1.2000	0.9000	0.1460
147.0000	148.6542	1.2000	0.9000	0.1470
148.0000	149.6542	1.2000	0.9000	0.1480
149.0000	150.6542	1.2000	0.9000	0.1490
150.0000	151.6542	1.2000	0.9000	0.1500
151.0000	152.6542	1.2000	0.9000	0.1510
152.0000	153.6542	1.2000	0.9000	0.1520
153.0000	154.6542	1.2000	0.9000	0.1530
154.0000	155.6542	1.2000	0.9000	0.1540
155.0000	156.6542	1.2000	0.9000	0.1550
156.0000	157.6542	1.2000	0.9000	0.1560
157.0000	158.6542	1.2000	0.9000	0.1570
158.0000	159.6542	1.2000	0.9000	0.1580
159.0000	160.6542	1.2000	0.9000	0.1590
160.0000	161.6542	1.2000	0.9000	0.1600
161.0000	162.6542	1.2000	0.9000	0.1610
162.0000	163.6542	1.2000	0.9000	0.1620
163.0000	164.6542	1.2000	0.9000	0.1630
164.0000	165.6542	1.2000	0.9000	0.1640
165.0000	166.6542	1.2000	0.9000	0.1650
166.0000	167.6542	1.2000	0.9000	0.1660
167.0000	168.6542	1.2000	0.9000	0.1670
168.0000	169.6542	1.2000	0.9000	0.1680
169.0000	170.6542	1.2000	0.9000	0.1690
170.0000	171.6542	1.2000	0.9000	0.1700
171.0000	172.6542	1.2000	0.9000	0.1710
172.0000	173.6542	1.2000	0.9000	0.1720
173.0000	174.6542	1.2000	0.9000	0.1730
174.0000	175.6542	1.2000	0.9000	0.1740
175.0000	176.6542	1.2000	0.9000	0.1750
176.0000	177.6542	1.2000	0.9000	0.1760
177.0000	178.6542	1.2000	0.9000	0.1770
178.0000	179.6542	1.2000	0.9000	0.1780
179.0000	180.6542	1.2000	0.9000	0.1790
180.0000	181.6542	1.2000	0.9000	0.1800
181.0000	182.6542	1.2000	0.9000	0.1810
182.0000	183.6542	1.2000	0.9000	0.1820
183.0000	184.6542	1.2000	0.9000	0.1830
184.0000	185.6542	1.2000	0.9000	0.1840
185.0000	186.6542	1.2000	0.9000	0.1850
186.0000	187.6542	1.2000	0.9000	0.1860
187.0000	188.6542	1.2000	0.9000	0.1870
188.0000	189.6542	1.2000	0.9000	0.1880
189.0000	190.6542	1.2000	0.9000	0.1890
190.0000	191.6542	1.2000	0.9000	0.1900
191.0000	192.6542	1.2000	0.9000	0.1910
192.0000	193.6542	1.2000	0.9000	0.1920
193.0000	194.6542	1.2000	0.9000	0.1930
194.0000	195.6542	1.2000	0.9000	0.1940
195.0000	196.6542	1.2000	0.9000	0.1950
196.0000	197.6542	1.2000	0.9000	0.1960
197.0000	198.6542	1.2000	0.9000	0.1970
198.0000	199.6542	1.2000	0.9000	0.1980
199.0000	200.6542	1.2000	0.9000	0.1990
200.0000	201.6542	1.2000	0.9000	0.2000
201.0000	202.6542	1.2000	0.9000	0.2010
202.0000	203.6542	1.2000	0.9000	0.2020
203.0000	204.6542	1.2000	0.9000	0.2030
204.0000	205.6542	1.2000	0.9000	0.2040
205.0000	206.6542	1.2000	0.9000	0.2050
206.0000	207.6542	1.2000	0.9000	0.2060
207.0000	208.6542	1.2000	0.9000	0.2070
208.0000	209.6542	1.2000	0.9000	0.2080
209.0000	210.6542	1.2000	0.9000	0.2090
210.0000	211.6542	1.2000	0.9000	0.2100
211.0000	212.6542	1.2000	0.9000	0.2110
212.0000	213.6542	1.2000	0.9000	0.2120
213.0000	214.6542	1.2000	0.9000	0.2130
214.0000	215.6542	1.2000	0.9000	0.2140
215.0000	216.6542	1.2000	0.9000	0.2150
216.0000	217.6542	1.2000	0.9000	0.2160
217.0000	218.6542	1.2000	0.9000	0.2170
218.0000	219.6542	1.2000	0.9000	0.2180
219.0000	220.6542	1.2000	0.9000	0.2190
220.0000	221.6542	1.2000	0.9000	0.2200
221.0000	222.6542	1.2000	0.9000	0.2210
222.0000	223.6542	1.2000	0.9000	0.2220
223.0000	224.6542	1.2000	0.9000	0.2230
224.0000	225.6542	1.2000	0.9000	0.2240
225.0000	226.6542	1.2000	0.9000	0.2250
226.0000	227.6542	1.2000	0.9000	0.2260
227.0000	228.6542	1.2000	0.9000	0.2270
228.0000	229.6542	1.2000	0.9000	0.2280
229.0000	230.6542	1.2000	0.9000	0.2290
230.0000	231.6542	1.2000	0.9000	0.2300
231.0000	232.6542	1.2000	0.9000	0.2310
232.0000	233.6542	1.2000	0.9000	0.2320
233.0000	234.6542	1.2000	0.9000	0.2330
234.0000	235.6542	1.2000	0.9000	0.2340
235.0000	236.6542	1.2000	0.9000	0.2350
236.0000	237.6542	1.2000	0.9000	0.2360
237.0000	238.6542	1.2000	0.9000	0.2370
238.0000	239.6542	1.2000	0.9000	0.2380
239.0000	240.6542	1.2000	0.9000	0.2390
240.0000	241.6542	1.2000	0.9000	0.2400
241.0000	242.6542	1.2000	0.9000	0.2410
242.0000	243.6542	1.2000	0.9000	0.2420
243.0000	244.6542	1.2000	0.9000	0.2430
244.0000	245.6542	1.2000	0.9000	0.2440
245.0000	246.6542	1.2000	0.9000	0.2450
246.0000	247.6542	1.2000	0.9000	0.2460
247.0000	248.6542	1.2000	0.9000	0.2470
248.0000	249.6542	1.2000	0.9000	0.2480
249.0000	250.6542	1.2000	0.9000	0.2490
250.0000	251.6542	1.2000	0.9000	0.2500
251.0000	252.6542	1.2000	0.9000	0.2510
252.0000	253.6542	1.2000	0.9000	0.2520
253.0000	254.6542	1.2000	0.9000	0.2530
254.0000	255.6542	1.2000	0.9000	0.2540
255.0000	256.6542	1.2000	0.9000	0.2550
256.0000	257.6542	1.2000	0.9000	0.2560
257.0000	258.6542	1.2000	0.9000	0.2570
258.0000	259.6542	1.2000	0.9000	0.2580
259.0000	260.6542	1.2000	0.9000	0.2590
260.0000	261.6542	1.2000	0.9000	0.2600
261.0000	262.6542	1.2000	0.9000	0.2610
262.0000	263.6542	1.2000	0.9000	0.2620
263.0000	264.6542	1.2000	0.9000	0.2630
264.0000	265.6542	1.2000	0.9000	0.2640
265.0000	266.6542	1.2000	0.9000	0.2650
266.0000	267.6542	1.2000	0.9000	0.2660
267.0000	268.6542	1.2000	0.9000	0.2670
268.0000	269.6542	1.2000	0.9000	0.2680
269.0000	270.6542	1.2000	0.9000	0.2690
270.0000	271.6542	1.2000	0.9000	0.2700
271.0000	272.6542	1.2000	0.9000	0.2710
272.0000	273.6542	1.2000	0.9000	0.2720
273.0000	274.6542	1.2000	0.9000	0.2730
274.0000	275.6542	1.2000	0.9000	0.2740
275.0000	276.6542	1.2000	0.9000	0.2750
276.0000	277.6542	1.2000	0.9000	0.2760
277.0000	278.6542	1.2000	0.9000	0.2770
278.0000	279.6542	1.2000	0.9000	0.2780
279.0000	280.6542	1.2000	0.9000	0.2790
280.0000	281.6542	1.2000	0.9000	0.2800
281.0000	282.6542	1.2000	0.9000	0.2810
282.0000	283.6542	1.2000	0.9000	0.2820
283.0000	284.6542	1.2000	0.9000	0.2830
284.0000	285.6542	1.2000	0.9000	0.2840
285.0000	286.6542	1.2000	0.9000	0.2850
286.0000	287.6542	1.2000	0.9000	0.2860
287.0000	288.6542	1.2000	0.9000	0.2870
288.0000	289.6542	1.2000	0.9000	0.2880
289.0000	290.6542	1.2000	0.9000	0.2890
290.0000	291.6542	1.2000	0.9000	0.2900
291.0000	292.6542	1.2000	0.9000	0.2910
292.0000	293.6542	1.2000	0.9000	0.2920
293.0000	294.6542	1.2000	0.9000	0.2930
294.0000	295.6542	1.2000	0.9000	0.2940
295.0000	296.6542	1.2000	0.9000	0.2950
296.0000	297.6542	1.2000	0.9000	0.2960
297.0000	298.6542	1.2000	0.9000	0.2970
298.0000	299.6542	1.2000	0.9000	0.2980
299.0000	300.6542	1.2000	0.9000	0.2990
300.0000	301.6542	1.2000	0.9000	0.3000
301.0000	302.6542	1.2000	0.9000	0.3010
302.0000	303.6542	1.2000	0.9000	0.3020
303.0000	304.6542	1.2000	0.9000	0.3030
304.0000	305.6542	1.2000	0.9000	0.3040
305.0000	306.6542	1.2000	0.9000	0.3050
306.0000	307.6542	1.2000	0.9000	0.3060
307.0000	308.6542	1.2000	0.9000	0.3070
308.0000	309.6542	1.2000	0.9000	0.3080
309.0000	310.6542	1.2000	0.9000	0.3090
310.0000	311.6542	1.2000	0.9000	0.3100
311.0000	312.6542	1.2000	0.9000	0.3110
312.0000	313.6542	1.2000	0.9000	0.3120
313.0000	314.6542	1.2000	0.9000	0.3130
314.0000	315.6542	1.2000	0.9000	0.3140
315.0000	316.6542	1.2000	0.9000	0.3150
316.0000	317.6542	1.2000	0.9000	0.3160
317.0000	318.6542	1.2000	0.9000	0.3170
318.0000	319.6542	1.2000	0.9000	0.3180
319.0000	320.6542	1.2000	0.9000	0.3190
320.0000	321.6542	1.2000	0.9000	0.3200
321.0000	322.6542	1.2000	0.9000	0.3210
322.0000	323.6542	1.2000	0.9000	0.3220
323.0000	324.6542	1.2000	0.9000	0.3230
324.0000	325.6542	1.2000	0.9000	0.3240
325.0000	326.6542	1.2000	0.9000	0.3250
326.0000	327.6542	1.2000	0.9000	0.3260
327.0000	328.6542	1.2000	0.9000	0.3270
328.0000	329.6542	1.2000	0.9000	0.3280
329.0000	330.6542	1.2000	0.9000	0.3290
330.0000	331.6542	1.2000	0.9000	0.3300
331.0000	332.6542	1.2000	0.9000	0.3310
332.0000	333.6542	1.2000	0.9000	0.3320
333.0000	334.6542	1.2000	0.9000	0.3330
334.0000	335.6542	1.2000	0.9000	0.3340
335.0000	336.6542	1.2000	0.9000	0.3350
336.0000	337.6542	1.2000	0.9000	0.3360
337.0000	338.6542	1.2000	0.9000	0.3370
338.0000	339.6542	1.2000	0.9000	0.3380
339.0000	340.6542	1.2000	0.9000	0.3390
340.0000	341.6542	1.2000	0.9000	0.3400
341.0000	342.6542	1.2000	0.9000	0.3410
342.0000	343.6542	1.2000	0.9000	0.3420
343.0000	344.6542	1.2000	0.9000	0.3430
344.0000	345.6542	1.2000	0.9000	0.3440
345.0000	346.6542	1.2000	0.9000	0.3450
346.0000	347.6542	1.2000	0.9000	0.3460
347.0000	348.6542	1.2000	0.9000	0.3470
348.0000	349.6542	1.2000	0.9000	0.3480
349.0000	350.6542	1.2000	0.9000	0.3490
350.0000	351.6542	1.2000	0.9000	0.3500
351.0000	352.6542	1.2000	0.9000	0.3510
352.0000	353.6542	1.2000	0.9000	0.3520
353.0000	354.6542	1.2000	0.9000	0.3530
354.0000	355.6542	1.2000	0.9000	0.3540
355.0000	356.6542	1.2000	0.9000	0.3550
356.0000	357.6542	1.2000	0.9000	0.3560
357.0000	358.6542	1.2000	0.9000	0.3570
358.0000	359.6542	1.2000	0.9000	0.3580
359.0000	360.6542	1.2000	0.9000	0.3590
360.0000	361.6542	1.2000	0.9000	0.3600
361.0000	362.6542	1.2000	0.9000	0.3610
362.0000	363.6542	1.2000	0.9000	0.3620
363.0000	364.6542	1.2000	0.9000	0.3630
364.0000	365.6542	1.2000	0.9000	0.3640
365.0000	366.6542	1.2000	0.9000	0.3650
366.0000	367.6542	1.2000	0.9000	0.3660
367.0000	368.6542	1.2000	0.9000	0.3670
368.0000	369.6542	1.2000	0.9000	0.3680
369.0000	370.6542	1.2000	0.9000	0.3690
370.0000	371.6542	1.2000	0.9000	0.3700
371.0000	372.6542	1.2000	0.9000	0.3710
372.0000	373.6542	1.2000	0.9000	0.3720
373.0000	374.6542	1.2000	0.9000	0.3730
374.0000	375.6542	1.2000	0.9000	0.3740
375.0000	376.6542	1.2000	0.9000	0.3750
376.0000	377.6542	1.2000	0.9000	0.3760
377.0000	378.6542	1.2000	0.9000	0.3770
378.0000	379.6542	1.2000	0.9000	0.3780
379.0000	380.6542	1.2000	0.9000	0.3790
380.0000	381.6542	1.2000	0.9000	0.3800
381.0000	382.6542	1.2000	0.9000	0.3810
382.0000	383.6542	1.2000	0.9000	0.3820
383.0000	384.6542	1.2000	0.9000	0.3830
384.0000	385.6542	1.2000	0.9000	0.3840
385.0000	386.6542	1.2000	0.9000	0.3850
386.0000	387.6542	1.2000	0.9000	0.3860
387.0000	388.6542	1.2000	0.9000	0.3870
388.0000	389.6542	1.2000	0.9000	0.3880
389.0000	390.6542	1.2000	0.9000	0.3890
390.0000	391.6542	1.2000	0.9000	0.3900
391.0000	392.6542	1.2000	0.9000	0.3910
392.0000	393.6542	1.2000	0.9000	0.3920
393.0000	394.6542	1.2000	0.9000	0.3930
394.0000	395.6542	1.2000	0.9000	0.3940
395.0000	396.6542	1.2000	0.9000	0.3950
396.0000	397.6542	1.2000	0.9000	0.3960
397.0000	398.6542	1.2000	0.9000	0.3970
398.0000	399.6542	1.2000	0.9000	0.3980
399.0000	400.6542	1.2000	0.9000	0.3990
400.0000	401.6542	1.2000	0.9000	0.4000
401.0000	402.6542	1.2000	0.9000	0.4010
402.0000	403.6542	1.2000	0.9000	0.4020
403.0000	404.6542	1.2000	0.9000	0.4030
404.0000	405.6542	1.2000	0.9000	0.4040
405.0000	406.6542	1.2000	0.9000	0.4050
406.0000	407.6542	1.2000	0.9000	0.4060
407.0000	408.6542	1.2000	0.9000	0.4070
408.0000	409.6542	1.2000	0.9000	0.4080
409.0000	410.6542	1.2000	0.9000	0.4090
410.0000	411.6542	1.2000	0.9000	0.4100
411.0000	412.6542	1.2000	0.9000	0.4110
412.0000	413.6542	1.2000	0.9000	0.4120
413.0000	414.6542	1.2000	0.9000	0.4130
414.0000	415.6542	1.2000	0.9000	0.4140
415.0000	416.6542	1.2000	0.9000	0.4150
416.0000	417.6542	1.2000	0.9000	0.4160
417.0000	418.6542	1.2000	0.9000	0.4170
418.0000	419.6542	1.2000	0.9000	0.4180
419.0000	420.6542	1.2000	0.9000	0.4190
420.0000	421.6542	1.2000	0.9000	0.4200
421.0000	422.6542	1.2000	0.9000	0.4210
422.0000	423.6542	1.2000	0.9000	0.4220
423.0000	424.6542	1.2000	0.9000	0.4230
424.0000	425.6542	1.2000	0.9000	0.4240
425.0000	426.6542	1.2000	0.9000	0.4250
426.0000	427.6542	1.2000	0.9000	0.4260
427.0000	428.6542	1.2000	0.9000	0.4270
428.0000	429.6542	1.2000	0.9000	0.4280
429.0000	430.6542	1.2000	0.9000	0.4290
430.0000	431.6542	1.2000	0.9000	0.4300
431.0000	432.6542	1.2000	0.9000	0.4310
432.0000	433.6542	1.2000	0.9000	0.4320
433.0000	434.6542	1.2000	0.9000	0.4330
434.0000	435.6542	1.2000	0.9000	0.4340
435.0000	436.6542	1.2000	0.9000	0.4350
436.0000	437.6542	1.2000	0.9000	0.4360
437.0000	438.6542	1.2000	0.9000	0.4370
438.0000	439.6542	1.2000	0.9000	0.4380
439.0000	440.6542	1.2000	0.9000	0.4390
440.0000	441.6542	1.2000	0.9000	0.4400
441.0000	442.6542	1.2000	0.9000	0.4410
442.0000	443.6542	1.2000	0.9000	0.4420
443.0000	444.6542	1.2000	0.9000	0.4430
444.0000	445.6542	1.2000	0.9000	0.4440
445.0000	446.6542	1.2000	0.9000	0.4450
446.0000	447.6542	1.2000	0.9000	0.4460
447.0000	448.6542	1.2000	0.9000	0.4470
448.0000	449.6542	1.2000	0.9000	0.4480
449.0000	450.6542	1.2000	0.9000	0.4490
450.0000	451.6542	1.2000	0.9000	0.4500
451.0000	452.6542	1.2000	0.9000	0.4510
452.0000	453.6542	1.2000	0.9000	0.4520
453.0000	454.6542	1.2000	0.9000	0.4530
454.0000	455.6542	1.2000	0.9000	0.4540
455.0000	456.6542	1.2000	0.9000	0.4550
456.0000	457.6542	1.2000	0.9000	0.4560
457.0000	458.6542	1.2000	0.9000	0.4570
458.0000	459.6542	1.2000	0.9000	0.4580
459.0000	460.6542	1.2000	0.9000	0.4590
460.0000	461.6542	1.2000	0.9000	0.4600
461.0000	462.6542	1.2000	0.9000	0.4610
462.0000	463.6542	1.2000	0.9000	0.4620
463.0000	464.6542	1.2000	0.9000	0.4630
464.0000	465.6542	1.2000	0.9000	0.4640
465.0000	466.6542	1.2000	0.9000	0.4650
466.0000	467.6542	1.2000	0.9000	0.4660
467.0000	468.6542	1.2000	0.9000	0.4670
468.0000	469.6542	1.2000	0.9000	0.4680
469.0000	470.6542	1.2000	0.9000	0.4690
470.0000	471.6542	1.2000	0.9000	0.4700
471.0000	472.6542	1.2000	0.9000	0.4710
472.0000	473.6542	1.2000	0.9000	0.4720
473.0000	474.6542	1.2000	0.9000	0.4730
474.0000	475.6542	1.2000	0.9000	0.4740
475.0000	476.6542	1.2000	0.9000	0.4750
476.0000	477.6542	1.2000	0.9000	0.4760
477.0000	478.6542	1.2000	0.9000	0.4770
478.0000	479.6542	1.2000	0.9000	0.4780
479.0000	480.6542	1.2000	0.9000	0.4790
480.0000	481.6542	1.2000	0.9000	0.4800
481.0000	482.6542	1.2000	0.9000	0.4810
482.0000	483.6542	1.2000	0.9000	0.4820
483.0000	484.6542	1.2000	0.9000	0.4830
484.0000	485.6542	1.2000	0.9000	0.4840
485.0000	486.6542	1.2000	0.9000	0.4850
486.0000	487.6542	1.2000	0.9000	0.4860
487.0000	488.6542	1.2000	0.9000	0.4870
488.0000	489.6542	1.2000	0.9000	0.4880
489.0000	490.6542	1.2000	0.9000	0.4890
490.0000	491.6542	1.2000	0.9000	0.4900
491.0000	492.6542	1.2000	0.9000	0.4910
492.0000	493.6542	1.2000	0.9000	0.4920
493.0000	494.6542	1.2000	0.9000	0.4930
494.0000	495.6542	1.2000	0.9000	0.4940
495.0000	496.6542	1.2000	0.9000	0.4950
496.0000	497.6542	1.2000	0.9000	0.4960
497.0000	498.6542	1.2000	0.9000	0.4970
498.0000	499.6542	1.2000	0.9000	0.4980
499.0000	500.6542	1.2000	0.9000	0.4990
500.0000	501.6542	1.2000	0.9000	0.5000
501.0000	502.6542	1.2000	0.9000	0.5010
502.0000	503.6542	1.2000	0.9000	0.5020
503.0000	504.6542	1.2000	0.9000	0.5030
504.0000	505.6542	1.2000	0.9000	0.5040
505.0000	506.6542	1.2000	0.9000	0.5050
506.0000	507.6542	1.2000	0.9000	0.5060
507.0000	508.6542	1.2000	0.9000	0.5070
508.0000	509.6542	1.2000	0.9000	0.5080
509.0000	510.6542	1.2000	0.9000	0.5090
510.0000	511.6542	1.2000	0.9000	0.5100
511.0000	512.6542	1.2000	0.9000	0.5110
512.0000	513.6542	1.2000	0.9000	0.5120
513.0000	514.6542	1.2000	0.9000	0.5130
514.0000	515.6542	1.2000	0.9000	0.5140
515.0000	516.6542	1.2000	0.9000	0.5150
516.0000	517.6542	1.2000	0.9000	0.5160
517.0000	518.6542	1.2000	0.9000	0.5170
518.0000	519.6542	1.2000	0.9000	0.5180
519.0000	520.6542	1.2000	0.9000	0.5190
520.0000	521.6542	1.2000	0.9000	0.5200
521.0000	522.6542	1.2000	0.9000	0.5210
522.0000	523.6542	1.2000	0.9000	0.5220
523.0000	524.6542	1.2000	0.9000	0.5230
524.0000	525.6542	1.2000	0.9000	0.5240
525.0000	526.6542	1.2000	0.9000	0.5250
526.0000	527.6542	1.2000	0.9000	0.5260
527.0000	528.6542	1.2000	0.9000	0.5270
528.0000	529.6542	1.2000	0.9000	0.5280
529.0000	530.6542	1.2000	0.9000	0.5290
530.0000	531.6542	1.2000	0.9000	0.5300
531.0000	532.6542	1.2000	0.9000	0.5310
532.0000	533.6542	1.2000	0.9000	0.5320
533.0000	534.6542	1.2000	0.9000	0.5330
534.0000	535.6542	1.2000	0.9000	0.5340
535.0000	536.6542	1.2000	0.9000	0.5350
536.0000	537.6542	1.2000	0.9000	0.5360
537.0000	538.6542	1.2000	0.9000	0.5370
538.0000	539.6542	1.2000	0.9000	0.5380
539.0000	540.6542	1.2000	0.9000	0.5390
540.0000	541.6542	1.2000	0.9000	0.5400
541.0000	542.6542	1.2000	0.9000	0.5410
542.0000	543.6542	1.2000	0.9000	0.5420
543.0000	544.6542	1.2000	0.9000	0.5430
544.0000	545.6542	1.2000	0.9000	0.5440
545.0000	546.6542	1.2000	0.9000	0.5450
546.0000	547.6542	1.2000	0.9000	0.5460
547.0000	548.6542	1.2000	0.9000	0.5470
548.0000	549.6542	1.2000	0.9000	0.5480
549.0000	550.6542	1.2000	0.9000	0.5490
550.0000	551.6542	1.2000	0.9000	0.5500
551.0000	552.6542	1.2000	0.9000	0.5510
552.0000	553.6542	1.2000	0.9000	0.5520
553.0000	554.6542	1.2000	0.9000	0.5530
554.0000	555.6542	1.2000	0.9000	0.5540
555.0000	556.6542	1.2000	0.9000	0.5550
556.0000	557.6542	1.2000	0.9000	0.5560
557.0000	558.6542	1.2000	0.9000	0.5570
558.0000	559.6542	1.2000	0.9000	0.5580
559.0000	560.6542	1.2000	0.9000	0.5590
560.0000	561.6542	1.2000	0.9000	0.5600
561.0000	562.6542	1.2000	0.9000	0.5610
562.0000	563.6542	1.2000	0.9000	0.5620
563.0000	564.6542	1.2000	0.9000	0.5630
564.0000	565.6542	1.2000	0.9000	0.5640
565.0000	566.6542	1.2000	0.9000	0.5650
566.0000	567.6542	1.2000	0.9000	0.5660
567.0000	568.6542	1.2000	0.9000	0.5670
568.0000	569.6542	1.2000	0.9000	0.5680
569.0000	570.6542	1.2000	0.9000	0.5690
570.0000	571.6542	1.2000	0.9000	0.5700
571.0000	572.6542	1.2000	0.9000	0.5710
572.0000	573.6542	1.2000	0.9000	0.5720
573.0000	574.6542	1.2000	0.9000	0.5730
574.0000	575.6542	1.2000	0.9000	0.5740
575.0000	576.6542	1.2000	0.9000	0.5750
576.0000	577.6542	1.2000	0.9000	0.5760
577.0000	578.6542	1.2000	0.9000	0.5770
578.0000	579.6542	1.2000	0.9000	0.5780
579.0000	580.6542	1.2000	0.9000	0.5790
580.0000	581.6542	1.2000	0.9000	0.5800
581.0000	582.6542	1.2000	0.9000	0.5810
582.0000	583.6542	1.2000	0.9000	0.5820
583.0000	584.6542	1.2000	0.9000	0.5830
584.0000	585.6542	1.2000	0.9000	0.5840
585.0000	586.6542	1.2000	0.9000	0.5850
586.0000	587.6542	1.2000	0.9000	0.5860
587.0000	588.6542	1.2000	0.9000	0.5870
588.0000	589.6542	1.2000	0.9000	0.5880
589.0000	590.6542	1.2000	0.9000	0.5890
590.0000	591.6542	1.2000	0.9000	0.5900
591.0000	592.6542	1.2000	0.9000	0.5910
592.0000	593.6542	1.2000	0.9000	0.5920
593.0000	594.6542	1.2000	0.9000	0.5930
594.0000	595.6542	1.2000	0.9000	0.5940
595.0000	596.6542	1.2000	0.9000	0.5950
596.0000	597.6542	1.2000	0.9000	0.5960
597.0000	598.6542	1.2000	0.9000	0.5970
598.0000	599.6542	1.2000	0.9000	0.5980
599.0000	600.6542	1.2000	0.9000	0.5990
600.0000	601.6542	1.2000	0.9000	0.6000
601.0000	602.6542	1.2000	0.9000	0.6010
602.0000	603.6542	1.2000	0.9000	0.6020
603.0000	604.6542	1.2000	0.9000	0.6030
604.0000	605.6542	1.2000	0.9000	0.6040
605.0000	606.6542	1.2000	0.9000	0.6050
606.0000	607.6542	1.2000	0.9000	0.6060
607.0000	608.6542	1.2000	0.9000	0.6070
608.0000	609.6542	1.2000	0.9000	0.6080
609.0000	610.6542	1.2000	0.9000	0.6090
610.0000	611.6542	1.2000	0.9000	0.6100
611.0000	612.6542	1.2000	0.9000	0.6110
612.0000	613.6542	1.2000	0.9000	0.6120
613.0000	614.6542	1.2000	0.9000	0.6130
614.0000	615.6542	1.2000	0.9000	0.6140
615.0000	616.6542	1.2000	0.9000	0.6150
616.0000	617.6542	1.2000	0.9000	0.6160
617.0000	618.6542	1.2000	0.9000	0.6170
618.0000	619.6542	1.2000	0.9000	0.6180
619.0000	620.6542	1.2000	0.9000	0.6190
620.0000	621.6542	1.2000	0.9000	0.6200
621.0000	622.6542	1.2000	0.9000	0.6210
622.0000	623.6542	1.2000	0.9000	0.6220
623.0000	624.6542	1.2000	0.9000	0.6230
624.0000	625.6542	1.2000	0.9000	0.6240
625.0000	626.6542	1.2000	0.9000	0.6250
626.0000	627.6542	1.2000	0.9000	0.6260
627.0000	628.6542	1.2000	0.9000	0.6270
628.0000	629.6542	1.2000	0.9000	0.6280
629.0000	630.6542	1.2000	0.9000	0.6290
630.0000	631.6542	1.2000	0.9000	0.6300
631.0000	632.6542	1.2000	0.9000	0.6310
632.0000	633.6542	1.2000	0.9000	0.6320
633.0000	634.6542	1.2000	0.9000	0.6330
634.0000	635.6542	1.2000	0.9000	0.6340
635.0000	636.6542	1.2000	0.9000	0.6350
636.0000	637.6542	1.2000	0.9000	0.6360
637.0000	638.6542	1.2000	0.9000	0.6370
638.0000	639.6542	1.2000	0.9000	0.6380
639.0000	640.6542	1.2000	0.9000	0.6390
640.0000	641.6542	1.2000	0.9000	0.6400
641.0000	642.6542	1.2000	0.9000	0.6410
642.0000	643.6542	1.2000	0.9000	0.6420
643.0000	644.6542	1.2000	0.9000	0.6430
644.0000	645.6542	1.2000	0.9000	0.6440
645.0000	646.6542	1.2000	0.9000	0.6450
646.0000	647.6542	1.2000	0.9000	0.6460
647.0000	648.6542	1.2000	0.9000	0.6470
648.0000	649.6542	1.2000	0.9000	0.6480
649.0000	650.6542	1.2000	0.9000	0.6490
650.0000	651.6542	1.2000	0.9000	0.6500
651.0000	652.6542	1.2000	0.9000	0.6510
652.0000	653.6542	1.2000	0.9000	0.6520
653.0000	654.6542	1.2000	0.9000	0.6530
654.0000	655.6542	1.2000	0.9000	0.6540
655.0000	656.6542	1.2000	0.9000	0.6550
656.0000	657.6542	1.2000	0.9000	0.6560
657.0000	658.6542	1.2000	0.9000	0.6570
658.0000	659.6542	1.2000	0.9000	0.6580
659.0000	660.6542	1.2000	0.9000	0.6590
660.0000	661.6542	1.2000	0.9000	0.6600
661.0000	662.6542	1.2000	0.9000	0.6610
662.0000	663.6542	1.2000	0.9000	0.6620
663.0000	664.6542	1.2000	0.9000	0.6630
664.0000	665.6542	1.2000	0.9000	0.6640
665.0000	666.6542	1.2000	0.9000	0.6650
666.0000	667.6542	1.2000	0.9000	0.6660
667.0000	668.6542	1.2000	0.9000	0.6670
668.0000	669.6542	1.2000	0.9000	0.6680
669.0000	670.6542	1.2000	0.9000	0.6690
670.0000	671.6542	1.2000	0.9000	0.6700
671.0000	672.6542	1.2000	0.9000	0.6710
672.0000	673.6542	1.2000	0.9000	0.6720
673.0000	674.6542	1.2000	0.9000	0.6730
674.0000	675.6542	1.2000	0.9000	0.6740
675.0000	676.6542	1.2000	0.9000	0.6750
676.0000	677.6542	1.2000	0.9000	0.6760
677.0000	678.6542	1.2000	0.9000	0.6770
678.0000	679.6542	1.2000	0.9000	0.6780
679.0000	680.6542	1.2000	0.9000	0.6790
680.0000	681.6542	1.2000	0.9000	0.6800
681.0000	682.6542	1.2000	0.9000	0.6810
682.0000	683.6542	1.2000	0.9000	0.6820
683.0000	684.6542	1.2000	0.9000	0.6830
684.0000	685.6542	1.2000	0.9000	0.6840
685.0000	686.6542	1.2000	0.9000	0.6850
686.0000	687.6542	1.2000	0.9000	0.6860
687.0000	688.6542	1.2000	0.9000	0.6870
688.0000	689.6542	1.2000	0.9000	0.6880
689.0000	690.6542	1.2000	0.9000	0.6890
690.0000	691.6542	1.2000	0.9000	0.6900
691.0000	692.6542	1.2000	0.9000	0.6910
692.0000	693.6542	1.2000	0.9000	0.6920
693.0000	694.6542	1.2000	0.9000	0.6930
694.0000	695.6542	1.2000	0.9000	0.6940
695.0000	696.6542	1.2000	0.9000	0.6950
696.0000	697.6542	1.2000	0.9000	0.6960
697.0000	698.6542	1.2000	0.9000	0.6970
698.0000	699.6542	1.2000	0.9000	0.6980
699.0000	700.6542	1.2000	0.9000	0.6990
700.0000	701.6542	1.2000	0.9000	0.7000
701.0000	702.6542	1.2000	0.9000	0.7010
702.0000	703.6542	1.2000	0.9000	0.7020
703.0000	704.6542	1.2000	0.9000	0.7030
704.0000	705.6542	1.2000	0.9000	0.7040
705.0000	706.6542	1.2000	0.9000	0.7050
706.0000	707.6542	1.2000	0.9000	0.7060
707.0000	708.6542	1.2000	0.9000	0.7070
708.0000	709.6542	1.2000	0.9000	0.7080
709.0000	710.6542	1.2000	0.9000	0.7090
710.0000	711.6542	1.2000	0.9000	0.7100
711.0000	712.6542	1.2000	0.9000	0.7110
712.0000	713.6542	1.2000	0.9000	0.7120
713.0000	714.6542	1.2000	0.9000	0.7130
714.0000	715.6542	1.2000	0.9000	0.7140
715.0000	716.6542	1.2000	0.9000	0.7150
716.0000	717.6542	1.2000	0.9000	0.7160
717.0000	718.6542	1.2000	0.9000	0.7170
718.0000	719.6542	1.2000	0.9000	0.7180
719.0000	720.6542	1.2000	0.9000	0.7190
720.0000	721.6542	1.2000	0.9000	0.7200
721.0000	722.6542	1.2000	0.9000	0.7210
722.0000	723.6542	1.2000	0.9000	0.7220
723.0000	724.6542	1.2000	0.9000	0.7230
724.0000	725.6542	1.2000	0.9000	0.7240
725.0000	726.6542	1.2000	0.9000	0.7250
726.0000	727.6542	1.2000	0.9000	0.7260
727.0000	728.6542	1.2000	0.9000	0.7270
728.0000	729.6542	1.2000	0.9000	0.7280
729.0000	730.6542	1.2000	0.9000	0.7290
730.0000	731.6542	1.2000	0.9000	0.7300
731.0000	732.6542	1.2000	0.9000	0.7310
732.0000	733.6542	1.2000	0.9000	0.7320
733.0000	734.6542	1.2000	0.9000	0.7330
734.0000	735.6542	1.2000	0.9000	0.7340
735.0000	736.6542	1.2000	0.9000	0.7350
736.0000	737.6542	1.2000	0.9000	0.7360
737.0000	738.6542	1.2000	0.9000	0.7370
738.0000	739.6542	1.2000	0.9000	0.7380
739.0000	740.6542	1.2000	0.9000	0.7390
740.0000	741.6542	1.2000	0.9000	0.7400
741.0000	742.6542	1.2000	0.9000	0.7410
742.0000	743.6542	1.2000	0.9000	0.7420
743.0000	744.6542	1.2000	0.9000	0.7430
744.0000	745.6542	1.2000	0.9000	0.7440
745.0000	746.6542	1.2000	0.9000	0.7450
746.0000	747.6542	1.2000	0.9000	0.7460
747.0000	748.6542	1.2000	0.9000	0.7470
748.0000	749.6542	1.2000	0.9000	0.7480
749.0000	750.6542	1.2000	0.9000	0.7490
750.0000	751.6542	1.2000	0.9000	0.7500
751.0000	752.6542	1.2000	0.9000	0.7510
752.0000	753.6542	1.2000	0.9000	0.7520
753.0000	754.6542	1.2000	0.9000	0.7530
754.0000	755.6542	1.2000	0.9000	0.7540
755.0000	756.6542	1.2000	0.9000	0.7550
756.0000	757.6542	1.2000	0.9000	0.7560
757.0000	758.6542	1.2000	0.9000	0.7570
758.0000	759.6542	1.2000	0.9000	0.7580
759.0000	760.6542	1.2000	0.9000	0.7590
760.0000	761.6542	1.2000	0.9000	0.7600
761.0000	762.6542	1.2000	0.9000	0.7610
762.0000	763.6542	1.2000	0.9000	0.7620
763.0000	764.6542	1.2000	0.9000	0.7630
764.0000	765.6542	1.2000	0.9000	0.7640
765.0000	766.6542	1.2000	0.9000	0.7650
766.0000	767.6542	1.2000	0.9000	0.7660
767.0000	768.6542	1.2000	0.9000	0.7670
768.0000	769.6542	1.2000	0.9000	0.7680
769.0000	770.6542	1.2000	0.9000	0.7690
770.0000	771.6542	1.2000	0.9000	0.7700
771.0000	772.6542	1.2000	0.9000	0.7710
772.0000	773.6542	1.2000	0.9000	0.7720
773.0000	774.6542	1.2000	0.9000	0.7730
774.0000	775.6542	1.2000	0.9000	0.7740
775.0000	776.6542	1.2000	0.9000	0.7750
776.0000	777.6542	1.2000	0.9000	0.7760
777.0000	778.6542	1.2000	0.9000	0.7770
778.0000	779.6542	1.2000	0.9000	0.7780
779.0000	780.6542	1.2000	0.9000	0.7790
780.0000	781.6542	1.2000	0.9000	0.7800
781.0000	782.6542	1.2000	0.9000	0.7810
782.0000	783.6542	1.2000	0.9000	0.7820
783.0000	784.6542	1.2000	0.9000	0.7830
784.0000	785.6542	1.2000	0.9000	0.7840
785.0000	786.6542	1.2000	0.9000	0.7850
786.0000	787.6542	1.2000	0.9000	0.7860
787.0000	788.6542	1.2000	0.9000	0.7870
788.0000	789.6542	1.2000	0.9000	0.7880
789.0000	790.6542	1.2000	0.9000	0.7890
790.0000	791.6542	1.2000	0.9000	0.7900
791.0000	792.6542	1.2000	0.9000	0.7910
792.0000	793.6542	1.2000	0.9000	0.7920
793.0000	794.6542	1.2000	0.9000	0.7930
794.0000	795.6542	1.2000	0.9000	0.7940
795.0000	796.6542	1.2000	0.9000	0.7950
796.0000	797.6542	1.2000	0.9000	0.7960
797.0000	798.6542	1.2000	0.9000	0.7970
798.0000	799.6542	1.2000	0.9000	0.7980
799.0000	800.6542	1.2000	0.9000	0.7990
800.0000	801.6542	1.2000	0.9000	0.8000
801.0000	802.6542	1.2000	0.9000	0.8010
802.0000	803.6542	1.2000	0.9000	0.8020
803.0000	804.6542	1.2000	0.9000	0.8030
804.0000	805.6542	1.2000	0.9000	0.8040
805.0000	806.6542	1.2000	0.9000	0.8050
806.0000	807.6542	1.2000	0.9000	0.8060
807.0000	808.6542	1.2000	0.9000	0.8070
808.0000	809.6542	1.2000	0.9000	0.8080
809.0000	810.6542	1.2000	0.9000	0.8090
810.0000	811.6542	1.2000	0.9000	0.8100
811.0000	812.6542	1.2000	0.9000	0.8110
812.0000	813.6542	1.2000	0.9000	0.8120
813.0000	814.6542	1.2000	0.9000	0.8130
814.0000	815.6542	1.2000	0.9000	0.8140
815.0000	816.6542	1.2000	0.9000	0.8150
816.0000	817.6542	1.2000	0.9000	0.8160
817.0000	818.6542	1.2000	0.9000	0.8170
818.0000	819.6542	1.2000	0.9000	0.8180
819.0000	820.6542	1.2000	0.9000	0.8190
820.0000	821.6542	1.2000	0.9000	0.8200
821.0000	822.6542	1.2000	0.9000	0.8210
822.0000	823.6542	1.2000	0.9000	0.8220
823.0000	824.6542	1.2000	0.9000	0.8230
824.0000	825.6542	1.2000	0.9000	0.8240
825.0000	826.6542	1.2000	0.9000	0.8250
826.0000	827.6542	1.2000	0.9000	0.8260
827.0000	828.6542	1.2000	0.9000	0.8270
828.0000	829.6542	1.2000	0.9000	0.8280
829.0000	830.6542	1.2000	0.9000	0.8290
830.0000	831.6542	1.2000	0.9000	0.8300
831.0000	832.6542	1.2000	0.9000	0.8310
832.0000	833.6542	1.2000	0.9000	0.8320
833.0000	834.6542	1.2000	0.9000	0.8330
834.0000	835.6542	1.2000	0.9000	0.8340
835.0000	836.6542	1.2000	0.9000	0.8350
836.0000	837.6542	1.2000	0.9000	0.8360
837.0000	838.6542	1.2000	0.9000	0.8370
838.0000	839.6542	1.2000	0.9000	0.8380
839.0000	840.6542	1.2000	0.9000	0.8390
840.0000	841.6542	1.2000	0.9000	0.8400
841.0000	842.6542	1.2000	0.9000	0.8410
842.0000	843.6542	1.2000	0.9000	0.8420
843.0000	844.6542	1.2000	0.9000	0.8430
844.0000	845.6542	1.2000	0.9000	0.8440
845.0000	846.6542	1.2000	0.9000	0.8450
846.0000	847.6542	1.2000	0.9000	0.8460
847.0000	848.6542	1.2000	0.9000	0.8470
848.0000	849.6542	1.2000	0.9000	0.8480
849.0000	850.6542	1.2000	0.9000	0.8490
850.0000	851.6542	1.2000	0.9000	0.8500
851.0000	852.6542	1.2000	0.9000	0.8510
852.0000	853.6542	1.2000	0.9000	0.8520
853.0000	854.6542	1.2000	0.9000	0.8530
854.0000	855.6542	1.2000	0.9000	0.8540
855.0000	856.6542	1.2000	0.9000	0.8550
856.0000	857.6542	1.2000	0.9000	0.8560
857.0000	858.6542	1.2000	0.9000	0.8570
858.0000	859.6542	1.2000	0.9000	0.8580
859.0000	860.6542	1.2000	0.9000	0.8590
860.0000	861.6542	1.2000	0.9000	0.8600
861.0000	862.6542	1.2000	0.9000	0.8610
862.0000	863.6542	1.2000	0.9000	0.8620
863.0000	864.6542	1.2000	0.9000	0.8630
864.0000	865.6542	1.2000	0.9000	0.8640
865.0000	866.6542	1.2000	0.9000	0.8650
866.0000	867.6542	1.2000	0.9000	0.8660
867.0000	868.6542	1.2000	0.9000	0.8670
868.0000	869.6542	1.2000	0.9000	0.8680
869.0000	870.6542	1.2000	0.9000	0.8690
870.0000	871.6542	1.2000	0.9000	0.8700
871.0000	872.6542	1.2000	0.9000	0.8710
872.0000	873.6542	1.2000	0.9000	0.8720
873.0000	874.6542	1.2000	0.9000	0.8730
874.0000	875.6542	1.2000	0.9000	0.8740
875.0000	876.6542	1.2000	0.9000	0.8750
876.0000	877.6542	1.2000	0.9000	0.8760
877.0000	878.6542	1.2000	0.9000	0.8770
878.0000	879.6542	1.2000	0.9000	0.8780
879.0000	880.6542	1.2000	0.9000	0.8790
880.0000	881.6542	1.2000	0.9000	0.8800
881.0000	882.6542	1.2000	0.9000	0.8810
882.0000	883.6542	1.2000	0.9000	0.8820
883.0000	884.6542	1.2000	0.9000	0.8830
884.0000	885.6542	1.2000	0.9000	0.8840
885.0000	886.6542	1.2000	0.9000	0.8850
886.0000	887.6542	1.2000	0.9000	0.8860
887.0000	888.6542	1.2000	0.9000	0.8870
888.0000	889.6542	1.2000	0.9000	0.8880
889.0000	890.6542	1.2000	0.9000	0.8890
890.0000	891.6542	1.2000	0.9000	0.8900
891.0000	892.6542	1.2000	0.9000	0.8910
892.0000	893.6542	1.2000	0.9000	0.8920
893.0000	894.6542	1.2000	0.9000	0.8930
894.0000	895.6542	1.2000	0.9000	0.8940
895.0000	896.6542	1.2000	0.9000	0.8950
896.0000	897.6542	1.2000	0.9000	0.8960
897.0000	898.6542	1.2000	0.9000	0.8970
898.0000	899.6542	1.2000	0.9000	0.8980
899.0000	900.6542	1.2000	0.9000	0.8990
900.0000	901.6542	1.2000	0.9000	0.9000
901.0000	902.6542	1.2000	0.9000	0.9010
902.0000	903.6542	1.2000	0.9000	0.9020
903.0000	904.6542	1.2000	0.9000	0.9030
904.0000	905.6542	1.2000	0.9000	0.9040
905.0000	906.6542	1.2000	0.9000	0.9050
906.0000	907.6542	1.2000	0.9000	0.9060
907.0000	908.6542	1.2000	0.9000	0.9070
908.0000	909.6542	1.2000	0.9000	0.9080
909.0000	910.6542	1.2000	0.9000	0.9090
910.0000	911.6542	1.2000	0.9000	0.9100
911.0000	912.6542	1.2000	0.9000	0.9110
912.0000	913.6542	1.2000	0.9000	0.9120
913.0000	914.6542	1.2000	0.9000	0.9130
914.0000	915.6542	1.2000	0.9000	0.9140
915.0000	916.6542	1.2000	0.9000	0.9150
916.0000	917.6542	1.2000	0.9000	0.9160
917.0000	918.6542	1.2000	0.9000	0.9170
918.0000	919.6542	1.2000	0.9000	0.9180
919.0000	920.6542	1.2000	0.9000	0.9190
920.0000	921.6542	1.2000	0.9000	0.9200
921.0000	922.6542	1.2000	0.9000	0.9210
922.0000	923.6542	1.2000	0.9000	0.9220
923.0000	924.6542	1.2000	0.9000	0.9230
924.0000	925.6542	1.2000	0.9000	0.9240
925.0000	926.6542	1.2000	0.9000	0.9250
926.0000	927.6542	1.2000	0.9000	0.9260
927.0000	928.6542	1.2000	0.9000	0.9270
928.0000	929.6542	1.2000	0.9000	0.9280
929.0000	930.6542	1.2000	0.9000	0.9290
930.0000	931.6542	1.2000	0.9000	0.9300
931.0000	932.6542	1.2000	0.9000	0.9310
932.0000	933.6542	1.2000	0.9000	0.9320
933.0000	934.6542	1.2000	0.9000	0.9330
934.0000	935.6542	1.2000	0.9000	0.9340
935.0000	936.6542	1.2000	0.9000	0.9350
936.0000	937.6542	1.2000	0.9000	0.9360
937.0000	938.6542	1.2000	0.9000	0.9370
938.0000	939.6542	1.2000	0.9000	0.9380
939.0000	940.6542	1.2000	0.9000	0.9390
940.0000	941.6542	1.2000	0.9000	0.9400
941.0000	942.6542	1.2000	0.9000	0.9410
942.0000	943.6542	1.2000	0.9000	0.9420
943.0000	944.6542	1.2000	0.9000	0.9430
944.0000	945.6542	1.2000	0.9000	0.9440
945.0000	946.6542	1.2000	0.9000	0.9450
946.0000	947.6542	1.2000	0.9000	0.9460
947.0000	948.6542	1.2000	0.9000	0.9470
948.0000	949.6542	1.2000	0.9000	0.9480
949.0000	950.6542	1.2000	0.9000	0.9490
950.0000	951.6542	1.2000	0.9000	0.9500
951.0000	952.6542	1.2000	0.9000	0.9510
952.0000	953.6542	1.2000	0.9000	0.9520
953.0000	954.6542	1.2000	0.9000	0.9530
954.0000	955.6542	1.2000	0.9000	0.9540
955.0000	956.6542	1.2000	0.9000	0.9550
956.0000	957.6542	1.2000	0.9000	0.9560
957.0000	958.6542	1.2000	0.9000	0.9570
958.0000	959.6542	1.2000	0.9000	0.9580
959.0000	960.6542	1.2000	0.9000	0.9590
960.0000	961.6542	1.2000	0.9000	0.9600
961.0000	962.6542	1.2000	0.9000	0.9610
962.0000	963.6542	1.2000	0.9000	0.9620
963.0000	964.6542	1.2000	0.9000	0.9630
964.0000	965.6542	1.2000	0.9000	0.9640
965.0000	966.6542	1.2000	0.9000	0.9650
966.0000	967.6542	1.2000	0.9000	0.9660
967.0000	968.6542	1.2000	0.9000	0.9670
968.0000	969.6542	1.2000	0.9000	0.9680
969.0000	970.6542	1.2000	0.9000	0.9690
970.0000	971.6542	1.2000	0.9000	0.9700
971.0000	972.6542	1.2000	0.9000	0.9710
972.0000	973.6542	1.2000	0.9000	0.9720
973.0000	974.6542	1.2000	0.9000	0.9730
974.0000	975.6542	1.2000	0.9000	0.9740
975.0000	976.6542	1.2000	0.9000	0.9750
976.0000	977.6542	1.2000	0.9000	0.9760
977.0000	978.6542	1.2000	0.9000	0.9770
978.0000	979.6542	1.2000	0.9000	0.9780
979.0000	980.6542	1.2000	0.9000	0.9790
980.0000	981.6542	1.2000	0.9000	0.9800
981.0000	982.6542	1.2000	0.9000	0.9810
982.0000	983.6542	1.2000	0.9000	0.9820
983.0000	984.6542	1.2000	0.9000	0.9830
984.0000	985.6542	1.2000	0.9000	0.9840
985.0000	986.6542	1.2000	0.9000	0.9850
986.0000	987.6542	1.2000	0.9000	0.9860
987.0000	988.6542	1.2000	0.9000	0.9870
988.0000	989.6542	1.2000	0.9000	0.9880
989.0000	990.6542	1.2000	0.9000	0.9890
990.0000	991.6542	1.2000	0.9000	0.9900
991.0000	992.6542	1.2000	0.9000	0.9910
992.0000	993.6542	1.2000	0.9000	0.9920
993.0000	994.6542	1.2000	0.9000	0.9930
994.0000	995.6542	1.2000	0.9000	0.9940
995.0000	996.6542	1.2000	0.9000	0.9950
996.0000	997.6542	1.2000	0.9000	0.9960
997.0000	998.6542	1.2000	0.9000	0.9970
998.0000	999.6542	1.2000	0.9000	0.9980
999.0000	1000.6542	1.2000	0.9000	0.9990
1000.0000	1001.6542	1.2000	0.9000	1.0000
